100 1 3.13677e+07 
100 0 8.38922e+07 
100 2 5.2966e+07 
100 3 7.00279e+07 
1000 1 1.7934e+08 
1000 0 1.88964e+08 
1000 2 1.74216e+08 
1000 3 1.98413e+08 
10000 0 2.16769e+08 
10000 2 2.02692e+08 
10000 1 2.30351e+08 
10000 3 2.23914e+08 
100000 2 2.14876e+08 
100000 0 1.85358e+08 
100000 1 1.86123e+08 
100000 3 2.18644e+08 
1000000 3 1.58949e+08 
1000000 1 1.41291e+08 
1000000 2 1.73939e+08 
1000000 0 2.31229e+08 
100 0 3.44352e+07 
100 3 7.10227e+07 
100 1 4.62107e+07 
100 2 7.02247e+07 
1000 2 1.50875e+08 
1000 0 1.68805e+08 
1000 3 1.41884e+08 
1000 1 1.33618e+08 
10000 3 2.18531e+08 
10000 2 2.09223e+08 
10000 0 1.99585e+08 
10000 1 2.03683e+08 
100000 3 2.18013e+08 
100000 2 2.13577e+08 
100000 0 2.1002e+08 
100000 1 2.18755e+08 
1000000 2 2.14634e+08 
1000000 1 2.21482e+08 
1000000 0 2.08793e+08 
1000000 3 2.23095e+08 
100 1 5.78705e+07 
100 0 3.16857e+07 
100 2 7.88642e+07 
100 3 7.18391e+07 
2100 0 1.78147e+08 
2100 2 1.91606e+08 
2100 1 2.02859e+08 
2100 3 1.86966e+08 
4100 2 1.93032e+08 
4100 0 2.13319e+08 
4100 1 2.2793e+08 
4100 3 2.17115e+08 
6100 3 1.82438e+08 
6100 1 1.46875e+08 
6100 2 1.46143e+08 
6100 0 1.87738e+08 
8100 2 2.04773e+08 
8100 0 2.15448e+08 
8100 1 2.04732e+08 
8100 3 2.06696e+08 
10100 1 1.82905e+08 
10100 0 1.76883e+08 
10100 2 2.01903e+08 
10100 3 2.33926e+08 
12100 3 1.45384e+08 
12100 2 1.44668e+08 
12100 0 1.51379e+08 
12100 1 1.48919e+08 
14100 0 2.28052e+08 
14100 2 1.48396e+08 
14100 3 1.49656e+08 
14100 1 2.02156e+08 
16100 0 2.23574e+08 
16100 2 1.98648e+08 
16100 3 1.87558e+08 
16100 1 2.12805e+08 
18100 1 2.11103e+08 
18100 0 1.86798e+08 
18100 3 1.91827e+08 
18100 2 2.34444e+08 
20100 3 2.08454e+08 
20100 1 2.19365e+08 
20100 2 2.11126e+08 
20100 0 2.17119e+08 
22100 0 1.91005e+08 
22100 3 2.01576e+08 
22100 1 2.16556e+08 
22100 2 2.10132e+08 
24100 1 2.12148e+08 
24100 0 2.0573e+08 
24100 3 8.44843e+07 
24100 2 2.27513e+08 
26100 3 1.84322e+08 
26100 0 1.8764e+08 
26100 1 1.49632e+08 
26100 2 1.49959e+08 
28100 1 2.19504e+08 
28100 3 1.81248e+08 
28100 0 1.85053e+08 
28100 2 2.06338e+08 
30100 3 2.15129e+08 
30100 1 2.05747e+08 
30100 2 2.36509e+08 
30100 0 2.12193e+08 
32100 3 2.12172e+08 
32100 1 1.50934e+08 
32100 2 1.50059e+08 
32100 0 2.06277e+08 
34100 1 2.2248e+08 
34100 3 1.84808e+08 
34100 0 1.82533e+08 
34100 2 2.13301e+08 
36100 0 2.08108e+08 
36100 1 2.23945e+08 
36100 2 2.29644e+08 
36100 3 2.12293e+08 
38100 3 1.85897e+08 
38100 1 1.51087e+08 
38100 2 1.49358e+08 
38100 0 1.85861e+08 
40100 0 1.89398e+08 
40100 3 1.67723e+08 
40100 2 1.49239e+08 
40100 1 1.51403e+08 
42100 2 1.96847e+08 
42100 0 1.83289e+08 
42100 1 2.21007e+08 
42100 3 1.80758e+08 
44100 1 2.17726e+08 
44100 0 1.87449e+08 
44100 3 4.71642e+07 
44100 2 9.60918e+07 
46100 1 2.17761e+08 
46100 3 1.84253e+08 
46100 0 1.84773e+08 
46100 2 1.66493e+08 
48100 1 2.057e+08 
48100 3 1.51347e+08 
48100 0 1.9131e+08 
48100 2 2.32372e+08 
50100 1 2.15073e+08 
50100 0 2.13909e+08 
50100 2 2.11689e+08 
50100 3 2.13286e+08 
52100 0 2.16369e+08 
52100 2 1.52366e+08 
52100 1 9.25944e+06 
52100 3 2.32129e+08 
54100 0 2.17783e+08 
54100 2 1.5348e+08 
54100 3 7.43872e+07 
54100 1 2.31807e+08 
56100 0 2.11007e+08 
56100 2 2.22316e+08 
56100 3 2.32807e+08 
56100 1 1.94333e+08 
58100 0 2.13594e+08 
58100 2 2.02657e+08 
58100 1 2.15064e+08 
58100 3 2.34025e+08 
60100 3 1.48795e+08 
60100 1 1.49323e+08 
60100 0 2.27273e+08 
60100 2 2.10963e+08 
62100 1 2.01231e+08 
62100 0 1.07645e+07 
62100 2 2.36698e+08 
62100 3 1.97965e+08 
64100 0 2.16122e+08 
64100 1 5.71509e+07 
64100 3 2.01913e+08 
64100 2 2.06229e+08 
66100 3 2.2722e+08 
66100 0 2.19555e+08 
66100 1 7.92604e+07 
66100 2 2.37237e+08 
68100 0 2.10089e+08 
68100 3 1.48716e+08 
68100 2 1.53366e+08 
68100 1 2.18261e+08 
70100 0 2.15833e+08 
70100 3 1.50441e+08 
70100 2 1.50894e+08 
70100 1 2.00151e+08 
72100 2 9.41361e+07 
72100 3 2.07985e+08 
72100 0 2.22352e+08 
72100 1 1.3261e+08 
74100 3 1.50778e+08 
74100 2 1.50046e+08 
74100 0 2.1055e+08 
74100 1 2.37166e+08 
76100 2 2.11636e+08 
76100 0 2.12394e+08 
76100 1 2.19602e+08 
76100 3 1.79398e+08 
78100 1 1.83045e+08 
78100 0 1.83378e+08 
78100 2 2.13792e+08 
78100 3 2.20109e+08 
80100 1 2.27013e+08 
80100 0 2.21405e+08 
80100 2 2.36697e+08 
80100 3 2.19046e+08 
82100 2 2.11376e+08 
82100 0 1.85587e+08 
82100 1 1.84496e+08 
82100 3 1.87741e+08 
84100 0 1.87157e+08 
84100 1 1.85029e+08 
84100 2 1.48763e+08 
84100 3 1.52324e+08 
86100 0 1.87311e+08 
86100 1 1.84305e+08 
86100 2 1.49976e+08 
86100 3 1.51267e+08 
88100 0 2.21861e+08 
88100 1 2.15709e+08 
88100 3 2.38987e+08 
88100 2 2.23936e+08 
90100 0 1.87863e+08 
90100 3 1.88743e+08 
90100 1 1.72065e+08 
90100 2 2.25216e+08 
92100 3 2.19286e+08 
92100 0 2.34087e+08 
92100 2 2.33569e+08 
92100 1 2.2028e+08 
94100 1 1.76273e+08 
94100 3 1.75052e+08 
94100 0 1.39584e+08 
94100 2 2.3097e+08 
96100 0 1.83348e+08 
96100 3 1.83898e+08 
96100 1 2.17517e+08 
96100 2 2.31852e+08 
98100 1 2.17536e+08 
98100 2 1.76754e+08 
98100 0 1.82377e+08 
98100 3 2.39084e+08 
100100 1 2.1862e+08 
100100 2 1.83656e+08 
100100 0 1.84462e+08 
100100 3 2.34034e+08 
102100 1 2.16734e+08 
102100 3 1.82087e+08 
102100 2 2.3812e+08 
102100 0 1.81698e+08 
104100 0 1.84806e+08 
104100 2 2.33368e+08 
104100 1 6.43605e+07 
104100 3 1.85701e+08 
106100 0 2.1491e+08 
106100 2 2.22341e+08 
106100 3 2.11903e+08 
106100 1 2.11885e+08 
108100 1 1.98759e+08 
108100 0 1.8485e+08 
108100 3 1.83939e+08 
108100 2 8.09532e+06 
110100 3 1.87067e+08 
110100 0 1.76424e+08 
110100 1 1.33118e+08 
110100 2 1.33618e+08 
112100 1 2.26178e+08 
112100 0 1.88182e+08 
112100 3 9.8761e+07 
112100 2 2.40767e+08 
114100 0 1.85731e+08 
114100 1 1.51244e+08 
114100 2 1.49904e+08 
114100 3 1.84125e+08 
116100 2 2.20535e+08 
116100 0 1.84013e+08 
116100 3 1.05553e+08 
116100 1 2.25286e+08 
118100 3 2.2055e+08 
118100 1 1.47246e+08 
118100 0 2.15747e+08 
118100 2 1.47469e+08 
120100 3 1.84843e+08 
120100 0 1.85864e+08 
120100 2 1.50009e+08 
120100 1 1.5118e+08 
122100 3 1.84543e+08 
122100 0 1.85853e+08 
122100 2 1.50628e+08 
122100 1 1.5102e+08 
124100 2 2.04081e+08 
124100 0 1.84804e+08 
124100 3 1.83291e+08 
124100 1 2.02057e+08 
126100 2 2.1642e+08 
126100 0 1.84921e+08 
126100 1 2.18883e+08 
126100 3 1.83349e+08 
128100 2 2.17922e+08 
128100 0 1.84417e+08 
128100 3 1.0846e+08 
128100 1 2.37682e+08 
130100 0 1.86275e+08 
130100 2 1.50121e+08 
130100 1 1.51371e+08 
130100 3 1.8405e+08 
132100 0 1.85435e+08 
132100 1 1.50726e+08 
132100 2 1.49916e+08 
132100 3 1.83958e+08 
134100 2 2.11446e+08 
134100 1 2.23709e+08 
134100 0 2.15816e+08 
134100 3 2.28241e+08 
136100 3 1.83486e+08 
136100 2 1.49869e+08 
136100 1 1.50133e+08 
136100 0 1.84732e+08 
138100 1 2.15636e+08 
138100 0 1.84002e+08 
138100 3 3.48408e+07 
138100 2 1.36034e+08 
140100 2 2.17359e+08 
140100 0 1.4732e+08 
140100 3 1.46045e+08 
140100 1 2.19557e+08 
142100 0 2.25391e+08 
142100 1 2.17014e+08 
142100 3 2.30275e+08 
142100 2 8.55097e+07 
144100 0 1.85567e+08 
144100 3 1.83705e+08 
144100 2 1.55249e+08 
144100 1 9.5273e+07 
146100 0 1.85399e+08 
146100 3 1.83586e+08 
146100 2 1.54194e+08 
146100 1 9.35572e+07 
148100 0 1.85885e+08 
148100 3 1.83948e+08 
148100 2 1.57329e+08 
148100 1 2.01896e+07 
150100 0 1.86551e+08 
150100 3 1.84628e+08 
150100 2 1.53073e+08 
150100 1 1.06506e+07 
152100 2 2.14457e+08 
152100 0 1.85722e+08 
152100 3 1.84266e+08 
152100 1 2.15333e+08 
154100 0 2.16775e+08 
154100 2 2.15216e+08 
154100 1 2.19008e+08 
154100 3 2.13759e+08 
156100 3 1.86977e+08 
156100 0 1.84726e+08 
156100 2 1.55341e+08 
156100 1 9.67757e+07 
158100 0 1.85518e+08 
158100 3 1.81234e+08 
158100 2 1.53648e+08 
158100 1 1.66113e+07 
160100 3 1.86495e+08 
160100 0 1.85048e+08 
160100 2 1.55541e+08 
160100 1 9.64253e+07 
162100 1 2.12208e+08 
162100 0 2.17048e+08 
162100 2 2.38816e+08 
162100 3 2.37239e+08 
164100 3 1.86888e+08 
164100 0 1.85099e+08 
164100 2 1.49157e+08 
164100 1 1.51789e+08 
166100 2 2.20729e+08 
166100 0 1.8497e+08 
166100 3 1.17531e+08 
166100 1 2.1865e+08 
168100 3 1.85643e+08 
168100 0 1.85581e+08 
168100 1 1.50585e+08 
168100 2 1.50307e+08 
170100 3 1.86567e+08 
170100 0 1.85127e+08 
170100 1 1.51305e+08 
170100 2 1.49981e+08 
172100 3 1.85398e+08 
172100 0 1.84541e+08 
172100 1 1.52036e+08 
172100 2 1.48924e+08 
174100 0 1.85773e+08 
174100 1 1.51631e+08 
174100 2 1.49848e+08 
174100 3 1.80335e+08 
176100 0 2.15282e+08 
176100 2 2.13708e+08 
176100 3 2.36802e+08 
176100 1 2.07361e+08 
178100 2 2.2305e+08 
178100 0 1.84664e+08 
178100 1 1.83767e+08 
178100 3 2.15231e+08 
180100 0 2.14959e+08 
180100 2 1.66016e+08 
180100 3 1.60544e+08 
180100 1 2.29796e+08 
182100 0 2.13633e+08 
182100 2 1.28135e+07 
182100 1 2.01231e+08 
182100 3 2.1444e+08 
184100 3 2.51731e+08 
184100 0 2.19218e+08 
184100 2 2.33436e+08 
184100 1 2.39295e+08 
186100 0 2.11736e+08 
186100 3 1.66654e+08 
186100 1 9.66398e+07 
186100 2 2.38018e+08 
188100 0 1.86571e+08 
188100 2 1.8533e+08 
188100 3 1.55924e+08 
188100 1 5.9885e+07 
190100 0 1.80899e+08 
190100 3 1.58156e+08 
190100 2 9.75286e+07 
190100 1 2.33637e+08 
192100 0 2.0552e+08 
192100 1 2.14237e+08 
192100 2 2.39246e+08 
192100 3 1.24652e+07 
194100 1 2.11587e+08 
194100 0 1.94166e+08 
194100 2 1.38042e+08 
194100 3 2.33337e+08 
196100 0 2.10342e+08 
196100 2 2.18788e+08 
196100 3 2.34929e+08 
196100 1 2.16789e+08 
198100 2 1.13565e+08 
198100 1 2.16981e+08 
198100 0 6.69642e+07 
198100 3 2.2105e+08 
200100 2 2.15885e+08 
200100 0 1.8616e+08 
200100 1 2.34526e+08 
200100 3 1.50474e+08 
202100 3 1.86273e+08 
202100 2 1.4946e+08 
202100 0 1.85587e+08 
202100 1 1.5048e+08 
204100 3 1.84993e+08 
204100 0 1.83527e+08 
204100 2 1.47354e+08 
204100 1 1.49398e+08 
206100 3 1.86287e+08 
206100 2 1.56419e+08 
206100 0 1.19886e+08 
206100 1 8.33188e+07 
208100 3 1.8477e+08 
208100 1 1.50631e+08 
208100 2 1.49964e+08 
208100 0 1.85023e+08 
210100 3 1.85638e+08 
210100 2 1.57797e+08 
210100 1 1.67687e+08 
210100 0 9.05018e+07 
212100 0 1.85883e+08 
212100 3 1.84782e+08 
212100 1 1.50054e+08 
212100 2 1.50474e+08 
214100 2 1.8397e+08 
214100 3 1.42253e+08 
214100 0 1.77774e+08 
214100 1 1.33923e+07 
216100 0 2.28051e+08 
216100 2 2.06184e+08 
216100 1 2.25523e+08 
216100 3 2.17322e+08 
218100 3 1.8664e+08 
218100 0 1.85561e+08 
218100 1 2.15796e+08 
218100 2 1.39848e+07 
220100 0 2.23593e+08 
220100 3 1.70081e+08 
220100 1 2.35826e+08 
220100 2 2.38897e+08 
222100 0 1.86447e+08 
222100 1 1.84801e+08 
222100 3 1.514e+08 
222100 2 1.49853e+08 
224100 0 1.85698e+08 
224100 1 1.84064e+08 
224100 3 1.48358e+08 
224100 2 1.50994e+08 
226100 0 1.64542e+08 
226100 1 8.09394e+07 
226100 3 1.43641e+08 
226100 2 1.3969e+08 
228100 0 1.86944e+08 
228100 3 1.49459e+08 
228100 1 1.84928e+08 
228100 2 1.49195e+08 
230100 0 2.15205e+08 
230100 3 1.52626e+08 
230100 2 5.66331e+07 
230100 1 2.21628e+08 
232100 0 1.85187e+08 
232100 1 1.83931e+08 
232100 3 1.49517e+08 
232100 2 1.50932e+08 
234100 0 1.85446e+08 
234100 1 1.84026e+08 
234100 3 1.4292e+08 
234100 2 1.55785e+08 
236100 1 2.1787e+08 
236100 3 2.0663e+08 
236100 0 2.31912e+08 
236100 2 2.19538e+08 
238100 3 2.1519e+08 
238100 0 1.83403e+08 
238100 1 1.22772e+08 
238100 2 2.14379e+08 
240100 2 2.18134e+08 
240100 0 2.01687e+08 
240100 1 2.36561e+08 
240100 3 2.35456e+08 
242100 0 1.72617e+08 
242100 1 9.62132e+07 
242100 3 2.15013e+08 
242100 2 2.34269e+08 
244100 3 2.21937e+08 
244100 0 2.19417e+08 
244100 2 2.36048e+08 
244100 1 1.78663e+08 
246100 2 1.85869e+08 
246100 3 1.48187e+08 
246100 1 1.50412e+08 
246100 0 1.85239e+08 
248100 2 2.12861e+08 
248100 1 2.36446e+08 
248100 3 1.06862e+08 
248100 0 2.35824e+08 
250100 3 2.19596e+08 
250100 2 2.1922e+08 
250100 0 2.10983e+08 
250100 1 2.18183e+08 
252100 2 2.16664e+08 
252100 3 2.31635e+08 
252100 1 3.54668e+07 
252100 0 2.3619e+08 
254100 0 2.15929e+08 
254100 3 2.18602e+08 
254100 2 2.3379e+08 
254100 1 2.37327e+08 
256100 2 1.86078e+08 
256100 3 1.51183e+08 
256100 1 1.48943e+08 
256100 0 1.84958e+08 
258100 1 1.82116e+08 
258100 2 1.52993e+08 
258100 3 1.11228e+08 
258100 0 2.36946e+08 
260100 1 1.97465e+08 
260100 0 1.73057e+08 
260100 3 2.33421e+08 
260100 2 1.70312e+07 
262100 0 2.16455e+08 
262100 1 2.03234e+08 
262100 3 2.16577e+08 
262100 2 2.35565e+08 
264100 1 2.19918e+08 
264100 0 2.13361e+08 
264100 3 2.34647e+08 
264100 2 2.3285e+08 
266100 0 2.13965e+08 
266100 1 9.74922e+07 
266100 2 2.33405e+08 
266100 3 2.3598e+08 
268100 0 2.20954e+08 
268100 2 2.33537e+08 
268100 1 2.151e+08 
268100 3 2.38914e+08 
270100 1 2.2354e+08 
270100 3 2.18062e+08 
270100 0 1.96613e+08 
270100 2 3.1982e+07 
272100 3 2.20643e+08 
272100 1 1.84243e+08 
272100 0 1.83376e+08 
272100 2 2.27658e+08 
274100 0 1.70412e+08 
274100 3 1.51439e+08 
274100 2 1.03591e+08 
274100 1 2.37545e+08 
276100 1 1.86299e+08 
276100 0 1.84798e+08 
276100 3 1.57148e+08 
276100 2 3.05106e+07 
278100 2 2.2e+08 
278100 1 1.97362e+08 
278100 0 2.02072e+08 
278100 3 2.18338e+08 
280100 2 2.22909e+08 
280100 1 1.83283e+08 
280100 0 1.82169e+08 
280100 3 2.4064e+08 
282100 0 2.06928e+08 
282100 3 1.71995e+08 
282100 2 7.66594e+07 
282100 1 2.34264e+08 
284100 1 1.96493e+08 
284100 3 1.58647e+08 
284100 0 1.99069e+08 
284100 2 7.46599e+07 
286100 1 1.83801e+08 
286100 0 1.82993e+08 
286100 3 1.5395e+08 
286100 2 1.12619e+08 
288100 1 1.85612e+08 
288100 0 1.84329e+08 
288100 3 1.5685e+08 
288100 2 7.75576e+07 
290100 1 1.84406e+08 
290100 0 1.83739e+08 
290100 3 1.56671e+08 
290100 2 7.83798e+07 
292100 0 2.07134e+08 
292100 3 1.57481e+08 
292100 2 7.8766e+07 
292100 1 2.22516e+08 
294100 1 1.83777e+08 
294100 0 1.83099e+08 
294100 3 1.55126e+08 
294100 2 1.13032e+08 
296100 0 2.22745e+08 
296100 3 2.17061e+08 
296100 2 1.65649e+08 
296100 1 2.15201e+08 
298100 0 2.23478e+08 
298100 3 1.58667e+08 
298100 2 1.11998e+08 
298100 1 2.1449e+08 
300100 0 2.05733e+08 
300100 3 1.58443e+08 
300100 2 1.24245e+08 
300100 1 2.34335e+08 
302100 0 1.94869e+08 
302100 3 1.54883e+08 
302100 2 3.75533e+07 
302100 1 3.37601e+07 
304100 0 1.84752e+08 
304100 1 1.8392e+08 
304100 3 1.54331e+08 
304100 2 6.15073e+07 
306100 2 2.21026e+08 
306100 0 1.05011e+08 
306100 1 1.82487e+08 
306100 3 2.08089e+08 
308100 1 2.17168e+08 
308100 3 1.60984e+08 
308100 2 1.20222e+08 
308100 0 2.32443e+08 
310100 1 1.85091e+08 
310100 0 1.84387e+08 
310100 3 1.56486e+08 
310100 2 2.58546e+07 
312100 3 2.05154e+08 
312100 0 1.74006e+08 
312100 1 1.67922e+08 
312100 2 2.37033e+08 
314100 3 2.19766e+08 
314100 2 2.15264e+08 
314100 1 2.13696e+08 
314100 0 2.17917e+08 
316100 0 1.86799e+08 
316100 1 1.84745e+08 
316100 2 1.56719e+08 
316100 3 6.88279e+07 
318100 3 2.2144e+08 
318100 0 2.07044e+08 
318100 1 2.22601e+08 
318100 2 2.19217e+08 
320100 0 2.20681e+08 
320100 2 1.58804e+08 
320100 3 1.08246e+08 
320100 1 9.9613e+07 
322100 0 2.28403e+08 
322100 2 1.72331e+08 
322100 3 4.78321e+07 
322100 1 1.85345e+08 
324100 0 1.84755e+08 
324100 1 1.83608e+08 
324100 2 1.5491e+08 
324100 3 3.58714e+07 
326100 0 1.84464e+08 
326100 1 1.83815e+08 
326100 3 2.15974e+08 
326100 2 2.37829e+08 
328100 0 1.87457e+08 
328100 1 1.73165e+08 
328100 2 9.38247e+07 
328100 3 2.49504e+07 
330100 0 1.8558e+08 
330100 1 1.84344e+08 
330100 3 1.53746e+08 
330100 2 2.79844e+07 
332100 2 2.28306e+08 
332100 1 1.90373e+08 
332100 0 8.83046e+07 
332100 3 2.1608e+08 
334100 1 1.85398e+08 
334100 0 1.83811e+08 
334100 3 1.56096e+08 
334100 2 1.16773e+08 
336100 1 2.00368e+08 
336100 3 1.59086e+08 
336100 2 1.25938e+08 
336100 0 8.4074e+07 
338100 1 1.84682e+08 
338100 2 1.48645e+08 
338100 3 1.5005e+08 
338100 0 1.83385e+08 
340100 3 2.2283e+08 
340100 1 1.8645e+08 
340100 0 1.25903e+08 
340100 2 2.17102e+08 
342100 1 2.16522e+08 
342100 2 2.13438e+08 
342100 3 2.36503e+08 
342100 0 2.16457e+08 
344100 0 2.06108e+08 
344100 3 1.56861e+08 
344100 2 2.36335e+08 
344100 1 1.2565e+08 
346100 0 1.98463e+08 
346100 2 2.18996e+08 
346100 1 2.09458e+08 
346100 3 2.17342e+08 
348100 0 2.10707e+08 
348100 2 2.18162e+08 
348100 1 2.08313e+08 
348100 3 2.34214e+08 
350100 0 2.12932e+08 
350100 1 2.10582e+08 
350100 3 1.53207e+08 
350100 2 2.01202e+08 
352100 0 2.05669e+08 
352100 3 1.48132e+08 
352100 1 1.47318e+08 
352100 2 4.71467e+07 
354100 0 2.00376e+08 
354100 2 1.49199e+08 
354100 1 1.48422e+08 
354100 3 1.8576e+08 
356100 0 2.1875e+08 
356100 3 2.34804e+08 
356100 1 1.39179e+08 
356100 2 2.18349e+08 
358100 1 2.08367e+08 
358100 3 1.85384e+08 
358100 0 1.83727e+08 
358100 2 2.18905e+08 
360100 0 2.00973e+08 
360100 1 1.88426e+08 
360100 2 2.06243e+08 
360100 3 2.07336e+08 
362100 1 2.06017e+08 
362100 3 1.84437e+08 
362100 0 8.09454e+07 
362100 2 2.39105e+08 
364100 3 1.50421e+08 
364100 0 2.35437e+08 
364100 1 1.50554e+08 
364100 2 2.19016e+08 
366100 0 2.0371e+08 
366100 3 2.04553e+08 
366100 1 2.37068e+08 
366100 2 1.93659e+08 
368100 0 2.00451e+08 
368100 2 1.34953e+08 
368100 1 1.63225e+08 
368100 3 3.91357e+07 
370100 0 1.99777e+08 
370100 2 1.95842e+08 
370100 3 1.98427e+07 
370100 1 8.92466e+07 
372100 2 2.19254e+08 
372100 0 2.17216e+08 
372100 1 2.36936e+08 
372100 3 2.11406e+08 
374100 0 2.11931e+08 
374100 1 1.58748e+08 
374100 3 1.24112e+08 
374100 2 3.43079e+07 
376100 0 1.85226e+08 
376100 2 1.8309e+08 
376100 1 1.76533e+08 
376100 3 1.41057e+08 
378100 3 2.19694e+08 
378100 0 2.04584e+08 
378100 1 1.85332e+08 
378100 2 2.0594e+08 
380100 1 2.07024e+08 
380100 0 1.84852e+08 
380100 2 2.06164e+08 
380100 3 2.11011e+07 
382100 1 2.05442e+08 
382100 0 2.04959e+08 
382100 2 2.06384e+08 
382100 3 2.0778e+08 
384100 1 2.09522e+08 
384100 0 1.18051e+08 
384100 2 2.05945e+08 
384100 3 2.14799e+08 
386100 2 1.65643e+08 
386100 0 9.89673e+07 
386100 1 1.8963e+08 
386100 3 2.01757e+08 
388100 0 2.06999e+08 
388100 1 1.93936e+08 
388100 2 1.91876e+08 
388100 3 2.16971e+08 
390100 1 1.96797e+08 
390100 0 2.15349e+08 
390100 2 2.04122e+08 
390100 3 2.15861e+08 
392100 3 2.18453e+08 
392100 1 1.99756e+08 
392100 0 2.80161e+07 
392100 2 2.09247e+08 
394100 1 1.93184e+08 
394100 3 1.73234e+08 
394100 2 1.91134e+08 
394100 0 1.46021e+07 
396100 0 2.16199e+08 
396100 1 2.01212e+08 
396100 3 2.02782e+08 
396100 2 2.08663e+08 
398100 0 2.20996e+08 
398100 1 2.03319e+08 
398100 3 2.33577e+08 
398100 2 2.03934e+08 
400100 3 2.18597e+08 
400100 0 2.0325e+08 
400100 1 2.03922e+08 
400100 2 2.02092e+08 
402100 0 2.0565e+08 
402100 2 2.33626e+07 
402100 1 1.38729e+08 
402100 3 2.05944e+08 
404100 1 2.02666e+08 
404100 0 1.85781e+08 
404100 2 1.87419e+08 
404100 3 2.62472e+07 
406100 1 2.04405e+08 
406100 0 1.85723e+08 
406100 3 1.04845e+08 
406100 2 2.357e+08 
408100 1 2.11682e+08 
408100 0 1.86626e+08 
408100 2 1.05526e+08 
408100 3 2.02961e+08 
410100 0 2.20693e+08 
410100 1 2.18756e+08 
410100 2 1.49636e+08 
410100 3 1.51333e+08 
412100 0 1.85969e+08 
412100 2 2.39197e+08 
412100 3 1.84796e+08 
412100 1 2.3642e+08 
414100 0 1.8513e+08 
414100 1 1.77589e+08 
414100 3 1.81168e+08 
414100 2 1.84402e+08 
416100 3 2.16128e+08 
416100 1 2.37505e+08 
416100 0 2.27725e+08 
416100 2 2.36941e+08 
418100 3 1.49845e+08 
418100 1 1.49598e+08 
418100 0 2.11572e+08 
418100 2 2.34074e+08 
420100 0 2.16783e+08 
420100 2 2.37663e+08 
420100 3 2.28234e+08 
420100 1 2.25665e+08 
422100 2 1.84855e+08 
422100 0 1.84909e+08 
422100 1 1.83657e+08 
422100 3 2.3791e+08 
424100 1 1.83629e+08 
424100 0 1.85658e+08 
424100 3 1.66588e+08 
424100 2 1.18349e+08 
426100 2 1.83209e+08 
426100 0 1.84649e+08 
426100 1 2.35458e+08 
426100 3 2.33531e+08 
428100 2 2.18836e+08 
428100 0 2.00519e+08 
428100 1 1.51882e+08 
428100 3 1.54139e+08 
430100 2 2.05931e+08 
430100 0 1.85633e+08 
430100 1 1.07456e+08 
430100 3 2.06328e+08 
432100 1 2.20442e+08 
432100 3 2.07107e+08 
432100 2 2.34616e+08 
432100 0 2.19304e+08 
434100 3 2.05313e+08 
434100 2 1.59402e+08 
434100 1 1.04288e+08 
434100 0 2.04209e+08 
436100 3 1.61109e+08 
436100 2 1.47557e+08 
436100 1 9.46608e+07 
436100 0 1.88311e+07 
438100 3 2.08524e+08 
438100 2 2.12814e+08 
438100 0 2.05602e+08 
438100 1 1.80559e+08 
440100 2 1.82364e+08 
440100 1 2.18463e+08 
440100 0 1.81188e+08 
440100 3 2.17892e+08 
442100 1 2.09912e+08 
442100 0 1.84759e+08 
442100 2 1.41924e+08 
442100 3 2.24685e+08 
444100 2 1.84745e+08 
444100 3 1.48991e+08 
444100 1 1.4848e+08 
444100 0 1.8365e+08 
446100 0 1.86949e+08 
446100 1 1.48263e+08 
446100 2 1.10044e+08 
446100 3 1.0069e+08 
448100 3 2.06752e+08 
448100 0 2.11366e+08 
448100 2 1.16904e+08 
448100 1 2.36922e+08 
450100 0 2.15012e+08 
450100 3 1.95295e+08 
450100 1 2.38642e+08 
450100 2 2.35778e+08 
452100 3 2.1971e+08 
452100 1 2.03961e+08 
452100 2 2.03265e+08 
452100 0 2.16874e+08 
454100 0 1.84878e+08 
454100 3 1.49786e+08 
454100 1 1.48279e+08 
454100 2 1.83974e+08 
456100 0 1.80299e+08 
456100 1 1.97312e+08 
456100 2 1.79454e+08 
456100 3 4.59149e+07 
458100 0 2.20952e+08 
458100 3 1.48356e+08 
458100 1 1.47116e+08 
458100 2 2.39144e+08 
460100 2 1.84692e+08 
460100 3 1.60642e+08 
460100 1 4.51364e+07 
460100 0 2.76641e+07 
462100 1 2.16887e+08 
462100 0 1.86195e+08 
462100 3 2.19349e+08 
462100 2 4.76867e+07 
464100 0 1.84961e+08 
464100 1 1.84371e+08 
464100 2 2.18118e+08 
464100 3 2.48974e+08 
466100 2 1.84134e+08 
466100 1 1.4776e+08 
466100 3 1.4747e+08 
466100 0 1.82868e+08 
468100 0 2.07342e+08 
468100 1 1.5064e+08 
468100 3 1.47994e+08 
468100 2 2.51958e+07 
470100 0 2.04816e+08 
470100 2 2.35189e+08 
470100 1 2.36495e+08 
470100 3 1.82401e+07 
472100 2 1.83983e+08 
472100 0 1.85539e+08 
472100 3 2.16395e+08 
472100 1 2.17845e+08 
474100 3 2.11619e+08 
474100 0 2.06546e+08 
474100 1 1.76602e+08 
474100 2 2.79989e+07 
476100 1 1.8265e+08 
476100 0 8.3198e+07 
476100 3 1.0466e+08 
476100 2 2.36366e+08 
478100 3 2.19264e+08 
478100 0 1.93801e+08 
478100 2 2.36872e+08 
478100 1 2.65888e+07 
480100 0 2.13282e+08 
480100 2 1.70095e+08 
480100 3 1.73893e+08 
480100 1 2.37019e+08 
482100 0 2.02529e+08 
482100 3 1.49022e+08 
482100 2 1.48508e+08 
482100 1 2.19715e+08 
484100 0 2.1814e+08 
484100 2 2.08593e+08 
484100 3 2.35131e+08 
484100 1 2.19603e+08 
486100 2 2.08126e+08 
486100 0 1.83113e+08 
486100 3 1.80406e+08 
486100 1 2.14138e+08 
488100 0 2.19883e+08 
488100 1 2.09461e+08 
488100 3 2.0604e+08 
488100 2 2.51382e+07 
490100 0 1.98542e+08 
490100 1 1.94593e+08 
490100 2 1.79439e+08 
490100 3 6.91519e+07 
492100 2 2.21176e+08 
492100 0 1.86641e+08 
492100 1 2.06326e+08 
492100 3 1.4063e+08 
494100 0 2.18398e+08 
494100 2 2.06543e+08 
494100 1 3.33591e+07 
494100 3 2.06446e+08 
496100 0 2.03709e+08 
496100 2 1.93869e+08 
496100 3 2.02502e+08 
496100 1 1.50819e+08 
498100 3 2.16981e+08 
498100 0 1.99991e+08 
498100 1 1.74547e+08 
498100 2 2.06037e+08 
500100 1 2.16688e+08 
500100 3 2.16836e+08 
500100 2 2.0834e+08 
500100 0 1.06457e+07 
502100 2 2.08213e+08 
502100 0 2.05446e+08 
502100 3 2.09003e+08 
502100 1 2.05881e+08 
504100 2 1.96564e+08 
504100 1 2.21734e+08 
504100 3 2.11252e+08 
504100 0 2.22482e+08 
506100 2 2.05859e+08 
506100 1 2.38731e+08 
506100 3 2.30819e+08 
506100 0 2.30827e+08 
508100 2 1.84297e+08 
508100 0 1.83359e+08 
508100 1 2.04762e+08 
508100 3 2.16641e+08 
510100 0 1.79644e+08 
510100 3 2.30214e+08 
510100 1 2.37405e+08 
510100 2 2.53627e+07 
512100 3 1.84358e+08 
512100 0 1.83437e+08 
512100 2 2.13869e+08 
512100 1 2.2144e+08 
514100 0 1.84392e+08 
514100 2 1.85235e+08 
514100 1 2.35471e+08 
514100 3 2.36234e+08 
516100 0 1.89737e+08 
516100 3 2.38041e+08 
516100 1 2.01637e+08 
516100 2 1.96934e+08 
518100 1 2.19186e+08 
518100 3 1.82517e+08 
518100 0 1.0838e+08 
518100 2 2.2054e+08 
520100 0 2.03749e+08 
520100 2 2.21148e+08 
520100 3 3.82108e+07 
520100 1 2.17444e+08 
522100 0 2.17533e+08 
522100 3 1.43117e+08 
522100 2 1.31387e+08 
522100 1 2.26837e+08 
524100 0 1.56387e+08 
524100 3 1.14454e+08 
524100 1 4.88192e+07 
524100 2 2.69465e+07 
526100 0 2.16129e+08 
526100 1 1.63591e+08 
526100 2 2.3867e+08 
526100 3 9.00249e+07 
528100 0 2.18808e+08 
528100 1 2.04834e+08 
528100 2 2.1565e+08 
528100 3 2.38369e+08 
530100 1 2.2092e+08 
530100 0 1.84022e+08 
530100 2 5.46381e+07 
530100 3 2.16569e+08 
532100 3 2.20387e+08 
532100 0 1.83025e+08 
532100 2 1.84535e+08 
532100 1 4.22845e+07 
534100 0 2.09169e+08 
534100 1 1.55711e+08 
534100 2 2.29932e+08 
534100 3 4.10236e+07 
536100 2 1.83702e+08 
536100 0 1.82061e+08 
536100 1 1.56094e+08 
536100 3 1.30187e+08 
538100 0 2.19169e+08 
538100 1 1.59855e+08 
538100 3 2.35447e+08 
538100 2 3.26129e+07 
540100 1 2.14115e+08 
540100 0 1.82029e+08 
540100 2 1.76248e+08 
540100 3 1.94576e+08 
542100 0 1.85631e+08 
542100 1 1.27e+08 
542100 2 1.86665e+08 
542100 3 2.17179e+08 
544100 0 2.0815e+08 
544100 3 1.67143e+08 
544100 2 1.21821e+08 
544100 1 4.28143e+07 
546100 2 1.84151e+08 
546100 0 1.84331e+08 
546100 1 1.81131e+08 
546100 3 2.12456e+08 
548100 2 1.85484e+08 
548100 0 1.72127e+08 
548100 3 2.93553e+07 
548100 1 2.46738e+07 
550100 0 2.17205e+08 
550100 3 2.173e+08 
550100 2 5.84018e+07 
550100 1 2.26769e+08 
552100 3 1.96467e+08 
552100 1 1.84834e+08 
552100 0 1.27248e+08 
552100 2 2.02746e+08 
554100 0 2.19082e+08 
554100 2 1.30129e+08 
554100 3 1.72583e+08 
554100 1 2.22791e+08 
556100 2 2.27746e+08 
556100 3 2.18963e+08 
556100 1 2.19666e+08 
556100 0 7.48646e+07 
558100 2 2.19049e+08 
558100 3 1.28824e+08 
558100 1 1.24677e+08 
558100 0 1.25131e+08 
560100 2 2.00868e+08 
560100 0 1.79395e+08 
560100 3 4.97863e+07 
560100 1 2.03789e+08 
562100 0 1.84055e+08 
562100 2 1.7589e+08 
562100 3 1.82718e+08 
562100 1 2.36605e+08 
564100 2 2.20288e+08 
564100 1 1.26628e+08 
564100 3 1.00667e+08 
564100 0 5.22798e+07 
566100 1 2.13882e+08 
566100 2 1.7994e+08 
566100 0 1.80202e+08 
566100 3 2.32658e+08 
568100 1 2.07917e+08 
568100 2 1.76559e+08 
568100 3 1.20872e+08 
568100 0 2.72444e+07 
570100 2 2.17327e+08 
570100 1 2.16193e+08 
570100 3 6.72862e+07 
570100 0 2.14289e+08 
572100 2 2.2069e+08 
572100 1 2.16763e+08 
572100 3 1.99241e+08 
572100 0 2.02087e+08 
574100 3 1.79848e+08 
574100 0 1.76128e+08 
574100 2 1.37174e+08 
574100 1 1.54979e+08 
576100 0 1.8307e+08 
576100 1 1.34947e+08 
576100 3 1.81797e+08 
576100 2 8.85598e+07 
578100 0 1.94218e+08 
578100 1 1.26152e+08 
578100 3 1.2194e+08 
578100 2 2.28681e+08 
580100 0 2.22802e+08 
580100 1 1.69266e+08 
580100 3 8.88113e+07 
580100 2 2.35133e+08 
582100 0 2.18333e+08 
582100 1 1.62501e+08 
582100 3 3.53273e+07 
582100 2 2.15736e+08 
584100 1 2.20726e+08 
584100 0 2.16086e+08 
584100 2 2.20696e+08 
584100 3 2.0848e+08 
586100 2 2.10898e+08 
586100 0 2.09159e+08 
586100 1 2.27929e+08 
586100 3 2.35146e+08 
588100 0 1.96418e+08 
588100 1 2.15433e+08 
588100 2 5.5912e+07 
588100 3 2.82912e+07 
590100 1 2.13176e+08 
590100 0 1.87102e+08 
590100 2 1.16941e+08 
590100 3 2.16361e+08 
592100 2 1.82043e+08 
592100 0 6.3453e+07 
592100 3 8.34493e+07 
592100 1 3.7264e+07 
594100 0 1.86366e+08 
594100 1 1.48362e+08 
594100 3 1.49226e+08 
594100 2 1.85101e+08 
596100 1 2.17721e+08 
596100 0 1.87956e+08 
596100 2 1.18089e+08 
596100 3 2.08658e+08 
598100 1 2.17504e+08 
598100 0 1.87213e+08 
598100 3 1.89702e+08 
598100 2 2.80969e+07 
600100 1 2.09917e+08 
600100 2 2.0704e+08 
600100 0 4.0622e+07 
600100 3 1.87149e+08 
602100 1 2.09893e+08 
602100 2 1.35984e+08 
602100 0 6.3603e+07 
602100 3 1.65915e+08 
604100 2 1.79828e+08 
604100 0 1.73773e+08 
604100 3 1.45507e+08 
604100 1 1.45868e+08 
606100 0 1.84487e+08 
606100 1 1.77612e+08 
606100 3 1.24786e+08 
606100 2 1.83321e+08 
608100 3 2.20642e+08 
608100 0 1.7563e+08 
608100 2 1.17797e+08 
608100 1 6.55814e+07 
610100 0 1.80891e+08 
610100 3 1.49338e+08 
610100 1 1.49638e+08 
610100 2 1.76157e+08 
612100 0 2.09587e+08 
612100 1 1.49468e+08 
612100 3 1.46537e+08 
612100 2 2.37989e+08 
614100 1 1.9839e+08 
614100 0 1.82722e+08 
614100 3 2.29442e+08 
614100 2 2.88947e+07 
616100 0 2.23831e+08 
616100 3 1.4887e+08 
616100 1 1.48566e+08 
616100 2 2.13461e+08 
618100 0 2.03888e+08 
618100 1 1.48532e+08 
618100 3 1.4889e+08 
618100 2 2.19198e+08 
620100 0 1.92377e+08 
620100 3 1.1328e+08 
620100 2 2.07488e+08 
620100 1 2.25032e+08 
622100 0 2.11753e+08 
622100 2 2.18199e+08 
622100 3 1.35431e+08 
622100 1 2.19247e+08 
624100 2 2.14683e+08 
624100 0 1.84382e+08 
624100 3 1.20621e+08 
624100 1 1.94695e+08 
626100 3 1.83967e+08 
626100 0 1.85688e+08 
626100 2 2.0485e+08 
626100 1 2.2314e+08 
628100 1 2.20576e+08 
628100 2 1.89735e+08 
628100 3 2.35852e+08 
628100 0 2.38014e+08 
630100 0 1.81643e+08 
630100 2 1.51481e+08 
630100 1 1.43032e+08 
630100 3 1.80268e+08 
632100 0 2.17384e+08 
632100 2 2.10619e+08 
632100 3 1.93829e+08 
632100 1 2.69738e+07 
634100 2 2.16485e+08 
634100 0 1.87553e+08 
634100 1 1.20095e+08 
634100 3 2.36134e+08 
636100 0 1.90464e+08 
636100 3 1.43008e+08 
636100 1 1.24265e+08 
636100 2 5.44099e+07 
638100 3 2.21416e+08 
638100 0 1.85579e+08 
638100 2 1.69366e+08 
638100 1 2.1611e+08 
640100 2 1.46053e+08 
640100 3 1.54654e+08 
640100 1 1.61059e+08 
640100 0 3.08003e+07 
642100 0 1.84854e+08 
642100 3 1.7981e+08 
642100 2 1.27971e+08 
642100 1 2.34641e+08 
644100 1 1.6074e+08 
644100 2 2.08515e+08 
644100 3 1.16897e+08 
644100 0 2.3677e+08 
646100 1 1.80895e+08 
646100 0 1.81955e+08 
646100 2 2.08362e+08 
646100 3 2.37476e+08 
648100 0 1.8396e+08 
648100 1 1.82615e+08 
648100 2 1.44408e+08 
648100 3 2.28918e+08 
650100 0 2.01724e+08 
650100 3 1.57051e+08 
650100 1 1.72582e+08 
650100 2 8.6152e+07 
652100 2 2.16215e+08 
652100 1 1.48677e+08 
652100 0 1.54162e+08 
652100 3 7.0987e+07 
654100 2 2.14487e+08 
654100 0 2.09973e+08 
654100 1 2.17601e+08 
654100 3 2.35706e+08 
656100 2 2.17987e+08 
656100 0 1.86669e+08 
656100 1 1.21075e+08 
656100 3 2.18166e+08 
658100 0 2.19156e+08 
658100 2 1.63602e+08 
658100 1 2.34634e+08 
658100 3 3.58148e+07 
660100 2 2.19422e+08 
660100 0 1.87364e+08 
660100 1 1.261e+08 
660100 3 2.36476e+08 
662100 0 1.80649e+08 
662100 2 1.43737e+08 
662100 3 1.47619e+08 
662100 1 9.63812e+07 
664100 0 2.18527e+08 
664100 2 1.46948e+08 
664100 3 1.49895e+08 
664100 1 1.37981e+08 
666100 0 2.13601e+08 
666100 2 2.00714e+08 
666100 3 2.26829e+08 
666100 1 2.3795e+08 
668100 2 2.185e+08 
668100 0 1.87273e+08 
668100 1 1.24496e+08 
668100 3 2.17152e+08 
670100 2 2.22594e+08 
670100 0 1.89746e+08 
670100 1 1.25429e+08 
670100 3 2.13394e+08 
672100 2 2.16137e+08 
672100 1 2.19881e+08 
672100 3 2.17849e+08 
672100 0 2.12313e+08 
674100 1 1.50149e+08 
674100 2 1.49993e+08 
674100 3 2.26247e+08 
674100 0 2.23866e+08 
676100 1 1.82358e+08 
676100 3 1.46961e+08 
676100 2 1.47834e+08 
676100 0 1.8181e+08 
678100 0 1.8222e+08 
678100 3 2.18253e+08 
678100 1 1.82662e+08 
678100 2 2.28828e+08 
680100 3 2.19369e+08 
680100 1 1.45124e+08 
680100 0 7.84507e+07 
680100 2 2.2166e+08 
682100 0 2.29709e+08 
682100 3 1.57287e+08 
682100 2 1.37796e+08 
682100 1 1.84259e+08 
684100 3 2.06779e+08 
684100 0 1.58673e+08 
684100 1 7.16557e+07 
684100 2 3.54666e+07 
686100 0 2.10669e+08 
686100 3 2.09167e+08 
686100 1 1.51016e+08 
686100 2 2.18923e+08 
688100 0 2.05504e+08 
688100 2 1.4867e+08 
688100 3 1.49796e+08 
688100 1 2.35112e+08 
690100 3 2.18542e+08 
690100 1 1.39316e+08 
690100 0 6.91017e+07 
690100 2 1.60644e+08 
692100 0 2.1446e+08 
692100 2 1.58936e+08 
692100 3 1.2506e+08 
692100 1 8.36573e+07 
694100 1 1.97774e+08 
694100 0 1.84393e+08 
694100 3 1.83394e+08 
694100 2 2.39215e+08 
696100 1 2.11858e+08 
696100 0 1.84647e+08 
696100 3 1.83311e+08 
696100 2 2.35785e+08 
698100 1 2.12181e+08 
698100 3 1.76401e+08 
698100 0 1.77931e+08 
698100 2 2.3854e+08 
700100 3 2.19949e+08 
700100 0 1.87463e+08 
700100 1 1.49807e+08 
700100 2 2.3891e+08 
702100 1 1.83936e+08 
702100 0 1.83034e+08 
702100 3 2.18027e+08 
702100 2 1.68545e+08 
704100 0 1.96051e+08 
704100 2 1.57446e+08 
704100 3 1.51246e+08 
704100 1 3.71423e+07 
706100 0 2.13376e+08 
706100 3 1.47917e+08 
706100 1 2.00669e+08 
706100 2 1.48363e+08 
708100 1 2.00805e+08 
708100 0 1.42942e+08 
708100 3 1.56474e+08 
708100 2 1.58561e+08 
710100 3 2.19065e+08 
710100 0 1.86153e+08 
710100 1 1.04691e+08 
710100 2 2.07965e+08 
712100 2 2.17506e+08 
712100 3 2.16143e+08 
712100 1 2.37415e+08 
712100 0 2.361e+08 
714100 3 2.16693e+08 
714100 0 1.91376e+08 
714100 1 1.16143e+08 
714100 2 8.09384e+07 
716100 3 1.80846e+08 
716100 0 1.71189e+08 
716100 2 1.09546e+08 
716100 1 1.03341e+08 
718100 0 1.78757e+08 
718100 3 1.63079e+08 
718100 1 1.2597e+08 
718100 2 1.73893e+08 
720100 3 1.8943e+08 
720100 0 1.63177e+08 
720100 2 1.23927e+08 
720100 1 3.51404e+07 
722100 1 2.14106e+08 
722100 0 1.70528e+08 
722100 2 1.1826e+08 
722100 3 2.38043e+08 
724100 1 2.19728e+08 
724100 0 1.92827e+08 
724100 2 1.16745e+08 
724100 3 2.13884e+08 
726100 0 1.74816e+08 
726100 2 8.95484e+07 
726100 1 2.19332e+08 
726100 3 8.57899e+07 
728100 0 1.66868e+08 
728100 3 1.18937e+08 
728100 1 1.89297e+08 
728100 2 6.74148e+07 
730100 0 2.19755e+08 
730100 2 2.18887e+08 
730100 3 2.36745e+08 
730100 1 2.30795e+08 
732100 0 2.19544e+08 
732100 2 2.05632e+08 
732100 3 2.29521e+08 
732100 1 2.14657e+08 
734100 2 2.19131e+08 
734100 3 1.87582e+08 
734100 0 1.04572e+08 
734100 1 2.15551e+08 
736100 3 1.67225e+08 
736100 2 1.95663e+08 
736100 1 1.69084e+08 
736100 0 9.1716e+07 
738100 3 2.20517e+08 
738100 0 1.91064e+08 
738100 2 1.31533e+08 
738100 1 9.30057e+07 
740100 3 2.18912e+08 
740100 2 1.79691e+08 
740100 0 1.24543e+08 
740100 1 2.38697e+08 
742100 3 2.22199e+08 
742100 0 2.16703e+08 
742100 2 2.2149e+08 
742100 1 2.36017e+08 
744100 3 1.59926e+08 
744100 1 1.6242e+08 
744100 2 1.94044e+08 
744100 0 1.00771e+08 
746100 1 1.89206e+08 
746100 3 1.58964e+08 
746100 2 1.78283e+08 
746100 0 8.94386e+07 
748100 0 2.18536e+08 
748100 2 1.96552e+08 
748100 3 1.58894e+08 
748100 1 2.1603e+08 
750100 0 2.18003e+08 
750100 3 1.81193e+08 
750100 2 1.00945e+08 
750100 1 1.81396e+08 
752100 2 2.11196e+08 
752100 0 8.23789e+07 
752100 3 2.1213e+08 
752100 1 2.24979e+08 
754100 1 1.83881e+08 
754100 0 1.84951e+08 
754100 3 1.99104e+08 
754100 2 1.06329e+08 
756100 0 1.81644e+08 
756100 1 1.774e+08 
756100 2 1.22549e+08 
756100 3 2.3808e+08 
758100 0 1.83572e+08 
758100 3 2.18489e+08 
758100 2 2.33025e+08 
758100 1 1.82318e+08 
760100 1 2.1592e+08 
760100 3 2.1665e+08 
760100 0 2.37701e+08 
760100 2 2.16597e+08 
762100 2 2.1799e+08 
762100 3 1.97852e+08 
762100 0 5.77507e+07 
762100 1 7.59611e+07 
764100 2 2.18524e+08 
764100 0 2.15568e+08 
764100 3 2.14676e+08 
764100 1 2.18914e+08 
766100 3 2.13153e+08 
766100 1 2.18216e+08 
766100 0 2.13737e+08 
766100 2 2.25096e+08 
768100 1 2.01739e+08 
768100 0 1.42438e+08 
768100 2 1.20025e+08 
768100 3 1.74033e+08 
770100 3 2.18052e+08 
770100 1 2.26748e+08 
770100 2 2.05905e+08 
770100 0 1.89419e+08 
772100 2 2.37939e+08 
772100 3 1.64296e+08 
772100 0 1.2975e+08 
772100 1 1.72126e+08 
774100 0 2.19943e+08 
774100 3 1.58208e+08 
774100 1 1.34602e+08 
774100 2 2.23635e+08 
776100 0 2.20199e+08 
776100 1 1.43886e+08 
776100 3 1.53695e+08 
776100 2 2.20106e+08 
778100 1 2.13279e+08 
778100 2 1.84398e+08 
778100 0 1.17176e+08 
778100 3 2.29085e+08 
780100 3 1.55399e+08 
780100 2 1.47419e+08 
780100 1 1.44933e+08 
780100 0 1.46853e+08 
782100 2 1.83653e+08 
782100 1 1.53673e+08 
782100 3 1.42942e+08 
782100 0 1.82956e+08 
784100 2 1.82753e+08 
784100 1 1.83501e+08 
784100 0 1.83834e+08 
784100 3 2.13608e+08 
786100 2 2.1845e+08 
786100 0 1.84107e+08 
786100 1 1.82053e+08 
786100 3 2.35765e+08 
788100 2 2.17979e+08 
788100 3 1.82287e+08 
788100 0 1.83559e+08 
788100 1 2.20297e+08 
790100 0 1.84594e+08 
790100 3 1.73681e+08 
790100 1 1.58426e+08 
790100 2 8.4279e+07 
792100 1 2.18943e+08 
792100 0 1.13081e+08 
792100 3 1.99569e+08 
792100 2 2.2096e+08 
794100 1 2.20069e+08 
794100 0 1.13283e+08 
794100 3 2.05006e+08 
794100 2 2.20238e+08 
796100 2 2.14842e+08 
796100 0 1.94502e+08 
796100 3 1.98815e+08 
796100 1 2.1341e+08 
798100 1 2.19627e+08 
798100 0 1.98047e+08 
798100 3 6.56962e+07 
798100 2 2.38817e+08 
800100 0 2.05988e+08 
800100 3 2.10356e+08 
800100 1 7.5314e+07 
800100 2 2.36915e+08 
802100 2 2.16132e+08 
802100 0 9.81624e+07 
802100 3 2.38754e+08 
802100 1 2.37676e+08 
804100 2 1.82551e+08 
804100 0 1.84061e+08 
804100 3 2.18269e+08 
804100 1 2.22814e+08 
806100 2 1.34422e+08 
806100 3 1.47364e+08 
806100 0 2.1118e+08 
806100 1 6.72744e+07 
808100 1 2.37895e+08 
808100 2 1.95362e+08 
808100 0 1.40935e+08 
808100 3 2.24298e+08 
810100 2 2.2227e+08 
810100 0 1.93444e+08 
810100 3 2.32776e+08 
810100 1 2.14023e+08 
812100 0 2.14701e+08 
812100 1 1.71953e+08 
812100 2 1.31728e+08 
812100 3 2.37657e+08 
814100 0 1.97671e+08 
814100 1 1.26965e+08 
814100 3 1.98864e+08 
814100 2 2.10631e+08 
816100 0 2.14855e+08 
816100 1 1.66925e+08 
816100 3 2.3712e+08 
816100 2 3.79313e+07 
818100 1 1.4633e+08 
818100 2 1.45979e+08 
818100 0 1.44514e+08 
818100 3 7.5503e+07 
820100 2 2.18133e+08 
820100 3 1.69127e+08 
820100 0 1.57236e+08 
820100 1 2.12801e+08 
822100 3 1.96812e+08 
822100 2 1.83078e+08 
822100 0 1.84509e+08 
822100 1 5.90504e+07 
824100 0 1.80353e+08 
824100 1 1.48344e+08 
824100 2 1.44821e+08 
824100 3 1.80191e+08 
826100 2 2.20515e+08 
826100 0 1.86039e+08 
826100 1 7.26689e+07 
826100 3 9.9017e+07 
828100 3 2.35998e+08 
828100 2 1.58842e+08 
828100 1 1.16759e+08 
828100 0 2.40213e+08 
830100 2 2.20154e+08 
830100 1 2.16824e+08 
830100 0 1.95214e+08 
830100 3 1.65806e+08 
832100 0 1.85358e+08 
832100 3 1.61932e+08 
832100 1 1.47938e+08 
832100 2 1.48266e+08 
834100 0 1.7974e+08 
834100 1 1.79228e+08 
834100 2 1.14503e+08 
834100 3 6.11748e+07 
836100 0 2.1358e+08 
836100 2 1.36425e+08 
836100 3 1.91889e+08 
836100 1 7.95159e+07 
838100 2 2.12084e+08 
838100 1 2.18035e+08 
838100 3 2.14722e+08 
838100 0 6.59542e+07 
840100 3 1.83093e+08 
840100 1 1.78824e+08 
840100 2 1.69966e+08 
840100 0 5.8601e+07 
842100 2 2.18603e+08 
842100 1 2.17221e+08 
842100 0 8.20727e+07 
842100 3 2.36996e+08 
844100 0 1.82222e+08 
844100 1 1.80933e+08 
844100 3 1.54633e+08 
844100 2 1.05368e+08 
846100 0 2.10346e+08 
846100 3 1.59569e+08 
846100 2 2.36544e+08 
846100 1 3.7718e+07 
848100 3 1.83045e+08 
848100 1 2.16784e+08 
848100 2 2.33662e+08 
848100 0 1.82489e+08 
850100 1 2.16833e+08 
850100 0 1.8126e+08 
850100 3 1.28821e+08 
850100 2 2.23389e+08 
852100 1 2.14321e+08 
852100 0 1.84819e+08 
852100 3 1.34676e+08 
852100 2 2.39685e+08 
854100 0 2.05278e+08 
854100 2 2.18888e+08 
854100 3 1.59427e+08 
854100 1 2.27763e+08 
856100 0 2.19623e+08 
856100 2 2.14823e+08 
856100 3 2.30311e+08 
856100 1 1.7105e+08 
858100 0 2.19129e+08 
858100 2 1.80182e+08 
858100 3 4.0922e+07 
858100 1 4.84639e+07 
860100 2 2.06634e+08 
860100 1 1.72723e+08 
860100 3 2.34568e+08 
860100 0 5.6111e+07 
862100 2 2.13183e+08 
862100 1 1.85724e+08 
862100 3 2.23646e+08 
862100 0 3.74042e+07 
864100 1 1.55209e+08 
864100 3 1.16168e+08 
864100 2 2.20271e+08 
864100 0 2.40602e+08 
866100 2 2.1584e+08 
866100 1 1.63682e+08 
866100 3 1.16124e+08 
866100 0 1.73102e+08 
868100 2 2.25806e+08 
868100 1 1.84561e+08 
868100 0 1.29122e+08 
868100 3 2.24458e+08 
870100 0 1.83977e+08 
870100 1 1.68519e+08 
870100 2 2.10774e+08 
870100 3 2.25361e+08 
872100 2 2.14102e+08 
872100 1 1.68686e+08 
872100 3 1.48084e+08 
872100 0 7.76425e+07 
874100 3 1.54515e+08 
874100 1 1.60958e+08 
874100 0 2.29589e+08 
874100 2 3.47948e+07 
876100 3 2.20572e+08 
876100 0 1.90686e+08 
876100 1 1.30464e+08 
876100 2 2.36773e+08 
878100 0 1.85311e+08 
878100 1 1.70244e+08 
878100 3 2.20833e+08 
878100 2 5.08474e+07 
880100 1 2.17239e+08 
880100 0 2.14457e+08 
880100 2 2.3977e+08 
880100 3 2.36393e+08 
882100 2 2.1167e+08 
882100 1 8.35096e+07 
882100 0 5.03423e+07 
882100 3 1.76948e+08 
884100 0 1.8109e+08 
884100 1 1.47656e+08 
884100 2 1.438e+08 
884100 3 1.8231e+08 
886100 0 2.16877e+08 
886100 2 1.99305e+08 
886100 1 2.04003e+08 
886100 3 1.9463e+08 
888100 0 2.1834e+08 
888100 2 1.48504e+08 
888100 1 1.49662e+08 
888100 3 9.65894e+07 
890100 0 2.18362e+08 
890100 2 2.18401e+08 
890100 3 1.68286e+08 
890100 1 2.24217e+08 
892100 3 2.15787e+08 
892100 0 2.13261e+08 
892100 2 2.37955e+08 
892100 1 2.38448e+08 
894100 0 2.19143e+08 
894100 2 2.22599e+08 
894100 3 6.16029e+07 
894100 1 2.33776e+08 
896100 0 1.90949e+08 
896100 2 1.78277e+08 
896100 3 1.51082e+08 
896100 1 1.41643e+08 
898100 0 2.176e+08 
898100 3 2.19591e+08 
898100 2 2.38885e+08 
898100 1 2.27603e+08 
900100 0 2.25385e+08 
900100 3 1.46396e+08 
900100 2 2.28137e+08 
900100 1 2.18991e+08 
902100 1 1.78183e+08 
902100 0 9.15984e+07 
902100 3 2.22827e+08 
902100 2 8.05456e+07 
904100 2 2.17972e+08 
904100 0 1.33696e+08 
904100 3 2.36473e+08 
904100 1 9.84868e+07 
906100 3 2.18333e+08 
906100 2 2.1012e+08 
906100 1 2.08269e+08 
906100 0 2.18085e+08 
908100 2 1.79734e+08 
908100 1 1.46168e+08 
908100 3 4.78177e+07 
908100 0 3.73461e+07 
910100 0 1.86725e+08 
910100 3 2.12898e+08 
910100 1 1.03827e+08 
910100 2 9.5565e+07 
912100 0 1.83913e+08 
912100 1 1.59256e+08 
912100 3 1.54641e+08 
912100 2 1.25238e+08 
914100 3 2.18584e+08 
914100 0 1.89597e+08 
914100 2 2.18557e+08 
914100 1 7.58082e+07 
916100 3 2.16398e+08 
916100 0 1.85498e+08 
916100 2 2.36123e+08 
916100 1 4.78136e+07 
918100 2 1.81128e+08 
918100 0 1.8218e+08 
918100 3 1.66078e+08 
918100 1 1.64952e+08 
920100 0 1.81585e+08 
920100 1 1.47105e+08 
920100 3 1.4689e+08 
920100 2 1.80863e+08 
922100 3 2.17361e+08 
922100 0 2.06145e+08 
922100 2 1.47217e+08 
922100 1 2.31094e+08 
924100 0 1.98573e+08 
924100 1 1.49562e+08 
924100 3 1.45139e+08 
924100 2 1.37367e+08 
926100 0 2.01641e+08 
926100 2 1.64516e+08 
926100 1 2.09899e+08 
926100 3 7.17693e+07 
928100 0 1.99909e+08 
928100 3 2.13512e+08 
928100 2 9.83348e+07 
928100 1 2.35337e+08 
930100 3 2.1712e+08 
930100 0 1.74086e+08 
930100 2 2.32057e+08 
930100 1 7.91906e+07 
932100 1 2.26059e+08 
932100 3 9.24167e+07 
932100 0 6.49947e+07 
932100 2 2.3416e+08 
934100 3 1.87453e+08 
934100 1 1.83478e+08 
934100 2 1.80934e+08 
934100 0 1.09248e+08 
936100 1 2.10691e+08 
936100 3 1.50415e+08 
936100 2 1.47793e+08 
936100 0 8.56297e+07 
938100 1 2.1855e+08 
938100 0 2.07792e+08 
938100 2 1.53132e+08 
938100 3 2.28347e+08 
940100 0 1.88544e+08 
940100 3 1.78698e+08 
940100 1 1.58595e+08 
940100 2 1.14401e+08 
942100 2 1.85825e+08 
942100 0 1.76379e+08 
942100 1 1.44946e+08 
942100 3 1.4903e+08 
944100 2 1.88608e+08 
944100 0 1.67431e+08 
944100 1 1.47763e+08 
944100 3 1.5139e+08 
946100 3 2.12312e+08 
946100 0 2.10517e+08 
946100 2 1.64272e+08 
946100 1 2.17918e+08 
948100 3 2.17388e+08 
948100 0 2.13844e+08 
948100 2 2.12451e+08 
948100 1 1.76373e+08 
950100 0 1.93166e+08 
950100 3 1.89207e+08 
950100 2 1.19311e+08 
950100 1 2.18735e+08 
952100 0 2.18416e+08 
952100 3 1.48993e+08 
952100 1 1.49031e+08 
952100 2 1.83099e+08 
954100 3 2.18355e+08 
954100 0 1.7638e+08 
954100 2 2.30196e+08 
954100 1 2.20973e+08 
956100 0 2.10936e+08 
956100 2 2.31089e+08 
956100 3 1.0586e+08 
956100 1 2.31261e+08 
958100 0 1.75667e+08 
958100 3 1.61444e+08 
958100 2 1.75947e+08 
958100 1 1.68482e+08 
960100 2 2.17467e+08 
960100 3 2.16507e+08 
960100 1 1.02459e+08 
960100 0 7.22005e+07 
962100 0 2.03745e+08 
962100 2 1.78392e+08 
962100 1 1.28055e+08 
962100 3 1.38236e+08 
964100 2 2.33548e+08 
964100 0 2.02652e+08 
964100 3 1.2126e+08 
964100 1 1.86336e+08 
966100 3 2.18647e+08 
966100 2 2.15781e+08 
966100 1 2.3496e+08 
966100 0 4.22217e+07 
968100 0 2.17334e+08 
968100 2 2.17572e+08 
968100 3 2.35525e+08 
968100 1 2.21537e+08 
970100 2 2.10194e+08 
970100 0 1.83223e+08 
970100 1 1.34856e+08 
970100 3 1.94506e+08 
972100 1 1.79159e+08 
972100 3 2.07687e+08 
972100 2 9.07807e+07 
972100 0 4.45434e+07 
974100 2 2.19498e+08 
974100 0 1.91886e+08 
974100 3 1.28337e+08 
974100 1 2.40014e+08 
976100 0 1.86212e+08 
976100 2 1.5269e+08 
976100 1 1.46493e+08 
976100 3 1.24851e+08 
978100 0 1.99932e+08 
978100 1 1.48621e+08 
978100 3 9.6979e+07 
978100 2 1.43051e+08 
980100 2 2.12985e+08 
980100 0 2.08165e+08 
980100 3 2.36967e+08 
980100 1 2.35262e+08 
982100 2 2.51011e+08 
982100 1 1.66073e+08 
982100 3 1.2433e+08 
982100 0 2.37881e+08 
984100 3 2.17497e+08 
984100 0 1.84921e+08 
984100 2 1.83711e+08 
984100 1 1.83445e+08 
986100 1 2.08781e+08 
986100 3 2.17197e+08 
986100 2 2.27038e+08 
986100 0 4.38217e+07 
988100 1 1.79723e+08 
988100 0 1.77798e+08 
988100 2 2.18186e+08 
988100 3 2.27317e+08 
990100 0 1.79952e+08 
990100 2 1.78736e+08 
990100 1 1.24456e+08 
990100 3 1.4616e+08 
992100 0 2.03992e+08 
992100 2 1.4695e+08 
992100 3 1.44273e+08 
992100 1 1.38239e+08 
994100 2 2.18893e+08 
994100 0 6.01913e+07 
994100 3 4.43473e+07 
994100 1 1.88972e+08 
996100 3 1.50602e+08 
996100 1 1.81901e+08 
996100 2 1.34478e+08 
996100 0 1.25442e+08 
998100 2 2.11354e+08 
998100 1 1.8531e+08 
998100 0 1.5966e+08 
998100 3 1.7869e+08 
